s = 4 2.66667 3.46667 2.89524 3.33968 2.97605 3.28374 3.01707 3.25237 3.04184 3.23232 3.0584 3.2184 3.07025 3.20819 3.07915 3.20037 3.08608 3.19419 3.09162 3.18918 Pi = 3.14159
Error before Wynn = 0.015149

4 2.66667 3.46667 2.89524 3.33968 2.97605 3.28374 3.01707 3.25237 3.04184 3.23232 3.0584 3.2184 3.07025 3.20819 3.07915 3.20037 3.08608 3.19419 3.09162 3.18918 
-0.75 1.25 -1.75 2.25 -2.75 3.25 -3.75 4.25 -4.75 5.25 -5.75 6.25 -6.75 7.25 -7.75 8.25 -8.75 9.25 -9.75 10.25 
3.16667 3.13333 3.14524 3.13968 3.14271 3.14088 3.14207 3.14125 3.14184 3.14141 3.14174 3.14148 3.14168 3.14152 3.14165 3.14154 3.14164 3.14156 3.14162 
-28.75 82.25 -177.75 327.25 -542.75 836.25 -1219.75 1705.25 -2304.75 3030.25 -3893.75 4907.25 -6082.75 7432.25 -8967.75 10701.3 -12644.7 14810.3 
3.14234 3.14139 3.14166 3.14156 3.14161 3.14159 3.1416 3.14159 3.14159 3.14159 3.14159 3.14159 3.14159 3.14159 3.14159 3.14159 3.14159 
-969.938 3515.06 -9741.19 22666.3 -46628.4 87525.6 -153056 252957 -399247 606464 -891906 1.27587e+06 -1.7819e+06 2.437e+06 -3.27192e+06 4.32136e+06 
3.14161 3.14159 3.14159 3.14159 3.14159 3.14159 3.14159 3.14159 3.14159 3.14159 3.14159 3.14159 3.14159 3.14159 3.14159 
-32709.9 133671 -431560 1.17746e+06 -2.83202e+06 6.17608e+06 -1.24549e+07 2.35606e+07 -4.22568e+07 7.24508e+07 -1.19517e+08 1.90675e+08 -2.95434e+08 4.4609e+08 
3.14159 3.14159 3.14159 3.14159 3.14159 3.14159 3.14159 3.14159 3.14159 3.14159 3.14159 3.14159 3.14159 
-1.10612e+06 4.8556e+06 -1.7351e+07 5.3031e+07 -1.43397e+08 3.51386e+08 -7.94193e+08 1.67782e+09 -3.34743e+09 6.35839e+09 -1.15738e+10 2.02958e+10 
3.14159 3.14159 3.14159 3.14159 3.14159 3.14159 3.14159 3.14159 3.14159 3.14159 3.14159 
-3.74617e+07 1.72445e+08 -6.62186e+08 2.2023e+09 -6.51876e+09 1.7525e+10 -4.34602e+10 1.00623e+11 -2.1959e+11 4.55314e+11 
3.14159 3.14159 3.14159 3.14159 3.14159 3.14159 3.14159 3.14159 3.14159 
-1.26985e+09 6.04651e+09 -2.44961e+10 8.69518e+10 -2.7652e+11 8.01493e+11 -2.14668e+12 5.3819e+12 
3.14159 3.14159 3.14159 3.14159 3.14159 3.14159 3.14159 
-4.3068e+10 2.10335e+11 -8.88275e+11 3.3206e+12 -1.11762e+13 3.47681e+13 
3.14159 3.14159 3.14159 3.14159 3.14159 
-1.46138e+12 7.27042e+12 -3.18638e+13 1.29561e+14 
3.14159 3.14159 3.14159 
-4.90246e+13 2.49611e+14 
3.14159 
3.14159 Error after Wynn 1 = 7.0679e-16

4 2.66667 3.46667 2.89524 3.33968 2.97605 3.28374 3.01707 3.25237 3.04184 3.23232 3.0584 3.2184 3.07025 3.20819 3.07915 3.20037 3.08608 3.19419 3.09162 3.18918 
-0.75 
1.25 3.16667 
-1.75 3.13333 -28.75 
2.25 3.14524 82.25 3.14234 
-2.75 3.13968 -177.75 3.14139 -969.938 
3.25 3.14271 327.25 3.14166 3515.06 3.14161 
-3.75 3.14088 -542.75 3.14156 -9741.19 3.14159 -32709.9 
4.25 3.14207 836.25 3.14161 22666.3 3.14159 133671 3.14159 
-4.75 3.14125 -1219.75 3.14159 -46628.4 3.14159 -431560 3.14159 -1.10612e+06 
5.25 3.14184 1705.25 3.1416 87525.6 3.14159 1.17746e+06 3.14159 4.8556e+06 3.14159 
-5.75 3.14141 -2304.75 3.14159 -153056 3.14159 -2.83202e+06 3.14159 -1.7351e+07 3.14159 -3.74617e+07 
6.25 3.14174 3030.25 3.14159 252957 3.14159 6.17608e+06 3.14159 5.3031e+07 3.14159 1.72445e+08 3.14159 
-6.75 3.14148 -3893.75 3.14159 -399247 3.14159 -1.24549e+07 3.14159 -1.43397e+08 3.14159 -6.62186e+08 3.14159 -1.26985e+09 
7.25 3.14168 4907.25 3.14159 606464 3.14159 2.35606e+07 3.14159 3.51386e+08 3.14159 2.2023e+09 3.14159 6.04651e+09 3.14159 
-7.75 3.14152 -6082.75 3.14159 -891906 3.14159 -4.22568e+07 3.14159 -7.94193e+08 3.14159 -6.51876e+09 3.14159 -2.44961e+10 3.14159 -4.3068e+10 
8.25 3.14165 7432.25 3.14159 1.27587e+06 3.14159 7.24508e+07 3.14159 1.67782e+09 3.14159 1.7525e+10 3.14159 8.69518e+10 3.14159 2.10335e+11 3.14159 
-8.75 3.14154 -8967.75 3.14159 -1.7819e+06 3.14159 -1.19517e+08 3.14159 -3.34743e+09 3.14159 -4.34602e+10 3.14159 -2.7652e+11 3.14159 -8.88275e+11 3.14159 -1.46138e+12 
9.25 3.14164 10701.3 3.14159 2.437e+06 3.14159 1.90675e+08 3.14159 6.35839e+09 3.14159 1.00623e+11 3.14159 8.01493e+11 3.14159 3.3206e+12 3.14159 7.27042e+12 3.14159 
-9.75 3.14156 -12644.7 3.14159 -3.27192e+06 3.14159 -2.95434e+08 3.14159 -1.15738e+10 3.14159 -2.1959e+11 3.14159 -2.14668e+12 3.14159 -1.11762e+13 3.14159 -3.18638e+13 3.14159 -4.90246e+13 
10.25 3.14162 14810.3 3.14159 4.32136e+06 3.14159 4.4609e+08 3.14159 2.02958e+10 3.14159 4.55314e+11 3.14159 5.3819e+12 3.14159 3.47681e+13 3.14159 1.29561e+14 3.14159 2.49611e+14 3.14159 
3.14159 Error after Wynn 2 = 7.0679e-16

2.66667 3.46667 2.89524 3.33968 2.97605 3.28374 3.01707 3.25237 3.04184 3.23232 3.0584 3.2184 3.07025 3.20819 3.07915 3.20037 3.08608 3.19419 3.09162 3.18918 
2.66667 3.46667 2.89524 3.33968 2.97605 3.28374 3.01707 3.25237 3.04184 3.23232 3.0584 3.2184 3.07025 3.20819 3.07915 3.20037 3.08608 3.19419 3.09162 
1.41667 5.21667 0.645238 6.08968 -0.273954 7.03374 -1.23293 8.00237 -2.20816 8.98232 -3.1916 9.9684 -4.17975 10.9582 -5.17085 11.9504 -6.16392 12.9442 
2.40351 3.68542 2.71156 3.49683 2.8392 3.40471 2.90879 3.3503 2.95248 3.31446 2.98241 3.28908 3.0042 3.27019 3.02075 3.25557 3.03375 
0.636579 6.24352 -0.628224 7.61031 -2.04229 9.05021 -3.49787 10.516 -4.97074 11.994 -6.45245 13.4786 -7.93928 14.9672 -9.42935 16.4584 
2.22516 3.83094 2.59018 3.60042 2.74905 3.4844 2.83743 3.41488 2.89353 3.36867 2.93224 3.33577 2.96054 3.31118 2.98212 
0.0138298 7.04948 -1.61809 8.78489 -3.4022 10.5959 -5.22965 12.4341 -7.07539 14.2853 -8.93057 16.1436 -10.7912 18.0062 
2.08302 3.94631 2.49406 3.68248 2.67761 3.54759 2.78082 3.46613 2.84672 3.41174 2.89236 3.3729 2.92581 
-0.522856 7.73806 -2.45954 9.78005 -4.55166 11.9001 -6.68884 14.0486 -8.84522 16.2107 -11.0116 18.3803 
1.96197 4.04438 2.41236 3.75225 2.61683 3.60138 2.7326 3.50981 2.80681 3.44848 2.85834 
-1.00307 8.3508 -3.20587 10.6608 -5.56735 13.0511 -7.97549 15.471 -10.4036 17.9052 
1.85507 4.13091 2.34024 3.81388 2.56312 3.64894 2.68995 3.54846 2.77148 
-1.44247 8.90925 -3.88446 11.4603 -6.48831 14.0939 -9.14029 16.7581 
1.75846 4.20907 2.27507 3.86959 2.51453 3.69198 2.65134 
-1.85053 9.42631 -4.51161 12.1983 -7.3376 15.0548 
1.66979 4.28082 2.21523 3.92078 2.46988 
-2.23352 9.91044 -5.09793 12.8875 
1.58744 4.34744 2.15963 
-2.59584 10.3675 
1.5103 
4 -2.94072 4.40987 -5.6508 3.96836 -8.13019 3.73156 -10.2131 3.58346 -11.8131 3.481 -12.8422 3.40458 -13.1837 3.34379 -12.6554 3.29209 -10.9216 3.24393 -7.15838 3.18918 
3.18918 Error after Wynn 3 = 0.015149

Eps -1 0 0 0 0 0 0 0 0 0 0 0 0 0 0 0 0 0 0 0 0 
Eps 0  4 2.66667 3.46667 2.89524 3.33968 2.97605 3.28374 3.01707 3.25237 3.04184 3.23232 3.0584 3.2184 3.07025 3.20819 3.07915 3.20037 3.08608 3.19419 3.09162 3.18918 
Eps 1  -0.75 1.25 -1.75 2.25 -2.75 3.25 -3.75 4.25 -4.75 5.25 -5.75 6.25 -6.75 7.25 -7.75 8.25 -8.75 9.25 -9.75 10.25 -0.31356 
Eps 2  3.16667 3.13333 3.14524 3.13968 3.14271 3.14088 3.14207 3.14125 3.14184 3.14141 3.14174 3.14148 3.14168 3.14152 3.14165 3.14154 3.14164 3.14156 3.14162 3.09452 
Eps 3  -28.75 82.25 -177.75 327.25 -542.75 836.25 -1219.75 1705.25 -2304.75 3030.25 -3893.75 4907.25 -6082.75 7432.25 -8967.75 10701.3 -12644.7 14810.3 -10.9796 
Eps 4  3.14234 3.14139 3.14166 3.14156 3.14161 3.14159 3.1416 3.14159 3.14159 3.14159 3.14159 3.14159 3.14159 3.14159 3.14159 3.14159 3.14159 3.14156 
Eps 5  -969.938 3515.06 -9741.19 22666.3 -46628.4 87525.6 -153056 252957 -399247 606464 -891906 1.27587e+06 -1.7819e+06 2.437e+06 -3.27192e+06 4.32136e+06 -12649 
Eps 6  3.14161 3.14159 3.14159 3.14159 3.14159 3.14159 3.14159 3.14159 3.14159 3.14159 3.14159 3.14159 3.14159 3.14159 3.14159 3.14159 
Eps 7  -32709.9 133671 -431560 1.17746e+06 -2.83202e+06 6.17608e+06 -1.24549e+07 2.35606e+07 -4.22568e+07 7.24508e+07 -1.19517e+08 1.90675e+08 -2.95434e+08 4.4609e+08 -3.27194e+06 
Eps 8  3.14159 3.14159 3.14159 3.14159 3.14159 3.14159 3.14159 3.14159 3.14159 3.14159 3.14159 3.14159 3.14159 3.14159 
Eps 9  -1.10612e+06 4.8556e+06 -1.7351e+07 5.3031e+07 -1.43397e+08 3.51386e+08 -7.94193e+08 1.67782e+09 -3.34743e+09 6.35839e+09 -1.15738e+10 2.02958e+10 -2.95434e+08 
Eps 10  3.14159 3.14159 3.14159 3.14159 3.14159 3.14159 3.14159 3.14159 3.14159 3.14159 3.14159 3.14159 
Eps 11  -3.74617e+07 1.72445e+08 -6.62186e+08 2.2023e+09 -6.51876e+09 1.7525e+10 -4.34602e+10 1.00623e+11 -2.1959e+11 4.55314e+11 -1.15741e+10 
Eps 12  3.14159 3.14159 3.14159 3.14159 3.14159 3.14159 3.14159 3.14159 3.14159 3.14159 
Eps 13  -1.26985e+09 6.04651e+09 -2.44961e+10 8.69518e+10 -2.7652e+11 8.01493e+11 -2.14668e+12 5.3819e+12 -2.19686e+11 
Eps 14  3.14159 3.14159 3.14159 3.14159 3.14159 3.14159 3.14159 3.14159 
Eps 15  -4.3068e+10 2.10335e+11 -8.88275e+11 3.3206e+12 -1.11762e+13 3.47681e+13 -2.1492e+12 
Eps 16  3.14159 3.14159 3.14159 3.14159 3.14159 3.14159 
Eps 17  -1.46138e+12 7.27042e+12 -3.18638e+13 1.29561e+14 -1.1187e+13 
Eps 18  3.14159 3.14159 3.14159 3.14159 
Eps 19  -4.90246e+13 2.49611e+14 -3.12815e+13 
Eps 20  3.14159 3.14159 
Eps 21  -3.18638e+13 
3.14159 Error after Wynn 4 = 7.0679e-16


_______________________________________________________________________
s = 0.5 1 1.375 1.625 1.78125 1.875 1.92969 1.96094 1.97852 1.98828 1.99365 1.99658 1.99817 1.99902 1.99948 1.99973 1.99986 1.99992 1.99996 1.99998 1.99999 Summ = 2
Error before Wynn = 5.48363e-06

0.5 1 1.375 1.625 1.78125 1.875 1.92969 1.96094 1.97852 1.98828 1.99365 1.99658 1.99817 1.99902 1.99948 1.99973 1.99986 1.99992 1.99996 1.99998 1.99999 
2 2.66667 4 6.4 10.6667 18.2857 32 56.8889 102.4 186.182 341.333 630.154 1170.29 2184.53 4096 7710.12 14563.6 27594.1 52428.8 99864.4 
2.5 2.125 2.04167 2.01562 2.00625 2.0026 2.00112 2.00049 2.00022 2.0001 2.00004 2.00002 2.00001 2 2 2 2 2 2 
3.10862e-15 -8 -32 -96 -256 -640 -1536 -3584 -8192 -18432 -40960 -90112 -196608 -425984 -917504 -1.96608e+06 -4.1943e+06 -8.9129e+06 
2 2 2 2 2 2 2 2 2 2 2 2 2 2 2 2 2 
1.5012e+15 -2.2518e+15 -1.5012e+15 6.43371e+14 -6.43371e+14 1.5012e+15 -4.5036e+15 4.5036e+15 2.2518e+15 -7.506e+14 7.506e+14 -2.2518e+15 inf -2.2518e+15 inf 2.2518e+15 
2 2 2 2 2 2 2 2 2 2 2 2 2 2 2 
-1.5012e+15 -2.14457e+15 5.14697e+15 -5.14697e+15 inf -3584 2.2518e+15 4.5036e+15 -5.2542e+15 5.2542e+15 inf inf -4.5036e+15 inf 
2 2 2 2 2 2 2 2 2 2 -nan(ind) 2 2 
2.35903e+15 inf -9.65057e+15 inf 1.5012e+15 -8192 inf -9.7578e+15 9.7578e+15 -nan(ind) -nan(ind) -6.7554e+15 
2 2 2 2 2 2 2 2 -nan(ind) -nan(ind) -nan(ind) 
inf -1.41542e+16 inf inf 4.5036e+15 inf -1.42614e+16 -nan(ind) -nan(ind) -nan(ind) 
2 2 -nan(ind) 2 2 2 -nan(ind) -nan(ind) -nan(ind) 
-1.86578e+16 -nan(ind) -nan(ind) 9.0072e+15 inf -nan(ind) -nan(ind) -nan(ind) 
-nan(ind) -nan(ind) -nan(ind) 2 -nan(ind) -nan(ind) -nan(ind) 
-nan(ind) -nan(ind) -nan(ind) -nan(ind) -nan(ind) -nan(ind) 
-nan(ind) -nan(ind) -nan(ind) -nan(ind) -nan(ind) 
-nan(ind) -nan(ind) -nan(ind) -nan(ind) 
-nan(ind) -nan(ind) -nan(ind) 
-nan(ind) -nan(ind) 
-nan(ind) 
-nan(ind) Error after Wynn 1 = nan

0.5 1 1.375 1.625 1.78125 1.875 1.92969 1.96094 1.97852 1.98828 1.99365 1.99658 1.99817 1.99902 1.99948 1.99973 1.99986 1.99992 1.99996 1.99998 1.99999 
2 
2.66667 2.5 
4 2.125 3.10862e-15 
6.4 2.04167 -8 2 
10.6667 2.01562 -32 2 1.5012e+15 
18.2857 2.00625 -96 2 -2.2518e+15 2 
32 2.0026 -256 2 -1.5012e+15 2 -1.5012e+15 
56.8889 2.00112 -640 2 6.43371e+14 2 -2.14457e+15 2 
102.4 2.00049 -1536 2 -6.43371e+14 2 5.14697e+15 2 2.35903e+15 
186.182 2.00022 -3584 2 1.5012e+15 2 -5.14697e+15 2 inf 2 
341.333 2.0001 -8192 2 -4.5036e+15 2 inf 2 -9.65057e+15 2 inf 
630.154 2.00004 -18432 2 4.5036e+15 2 -3584 2 inf 2 -1.41542e+16 2 
1170.29 2.00002 -40960 2 2.2518e+15 2 2.2518e+15 2 1.5012e+15 2 inf 2 -1.86578e+16 
2184.53 2.00001 -90112 2 -7.506e+14 2 4.5036e+15 2 -8192 2 inf -nan(ind) -nan(ind) -nan(ind) 
4096 2 -196608 2 7.506e+14 2 -5.2542e+15 2 inf 2 4.5036e+15 2 -nan(ind) -nan(ind) -nan(ind) 
7710.12 2 -425984 2 -2.2518e+15 2 5.2542e+15 2 -9.7578e+15 2 inf 2 9.0072e+15 -nan(ind) -nan(ind) -nan(ind) 
14563.6 2 -917504 2 inf 2 inf 2 9.7578e+15 2 -1.42614e+16 2 inf 2 -nan(ind) -nan(ind) -nan(ind) 
27594.1 2 -1.96608e+06 2 -2.2518e+15 2 inf -nan(ind) -nan(ind) -nan(ind) -nan(ind) -nan(ind) -nan(ind) -nan(ind) -nan(ind) -nan(ind) -nan(ind) -nan(ind) 
52428.8 2 -4.1943e+06 2 inf 2 -4.5036e+15 2 -nan(ind) -nan(ind) -nan(ind) -nan(ind) -nan(ind) -nan(ind) -nan(ind) -nan(ind) -nan(ind) -nan(ind) -nan(ind) 
99864.4 2 -8.9129e+06 2 2.2518e+15 2 inf 2 -6.7554e+15 -nan(ind) -nan(ind) -nan(ind) -nan(ind) -nan(ind) -nan(ind) -nan(ind) -nan(ind) -nan(ind) -nan(ind) -nan(ind) 
-nan(ind) Error after Wynn 2 = nan

1 1.375 1.625 1.78125 1.875 1.92969 1.96094 1.97852 1.98828 1.99365 1.99658 1.99817 1.99902 1.99948 1.99973 1.99986 1.99992 1.99996 1.99998 1.99999 
1 1.375 1.625 1.78125 1.875 1.92969 1.96094 1.97852 1.98828 1.99365 1.99658 1.99817 1.99902 1.99948 1.99973 1.99986 1.99992 1.99996 1.99998 
-1.66667 -2.625 -4.775 -8.88542 -16.4107 -30.0703 -54.928 -100.421 -184.194 -339.34 -628.157 -1168.29 -2182.53 -4094 -7708.12 -14561.6 -27592.1 -52426.8 
2.04348 1.84012 1.86828 1.91414 1.94821 1.96992 1.98292 1.99045 1.99473 1.99711 1.99843 1.99915 1.99955 1.99976 1.99987 1.99993 1.99996 
3.25067 -38.1262 -26.5849 -38.2337 -62.4767 -106.981 -187.657 -334.394 -602.963 -1097.66 -2014.23 -3721.28 -6915.19 -12915.4 -24228.8 -45629 
2.06765 1.75347 1.95413 1.95538 1.97068 1.98231 1.98973 1.99418 1.99675 1.99821 1.99902 1.99947 1.99971 1.99985 1.99992 
6.43361 -43.1098 -823.657 -103.619 -148.435 -241.721 -412.748 -723.198 -1289.05 -2326.95 -4242.64 -7798.56 -14432.3 -26863 
2.08783 1.75475 1.95274 1.9777 1.9814 1.98816 1.99295 1.99594 1.99771 1.99873 1.9993 1.99962 1.99979 
9.43591 -48.1606 -863.726 -373.864 -296.344 -450.235 -747.331 -1288.74 -2273.23 -4073.07 -7384.58 -13514 
2.10519 1.75598 1.9507 1.9648 1.9879 1.99152 1.9948 1.99696 1.99827 1.99903 1.99946 
12.2995 -53.2961 -934.657 -417.158 -571.923 -755.4 -1210.82 -2053.24 -3584.8 -6377.93 
2.12044 1.75711 1.94877 1.97126 1.99335 1.99372 1.99599 1.99761 1.99863 
15.0518 -58.5139 -979.117 -462.433 -3244.32 -1196.27 -1826.82 -3040.26 
2.13403 1.7582 1.94683 1.97162 1.99286 1.99531 1.99681 
17.7126 -63.8152 -1019.46 -509.515 -3652.75 -1860.11 
2.1463 1.75925 1.94487 1.97194 1.9923 
20.2962 -69.2024 -1056.41 -558.622 
2.15747 1.76026 1.94286 
22.8138 -74.6788 
2.16773 
0.5 25.2739 1.76124 -1090.45 1.97224 -3884.66 1.99661 -2626 1.99806 -5252.76 1.99922 -11503.2 1.99971 -24920.4 1.99989 -50247.9 1.99996 -86227.3 1.99998 -99862.4 1.99999 
1.99999 Error after Wynn 3 = 5.48363e-06

Eps -1 0 0 0 0 0 0 0 0 0 0 0 0 0 0 0 0 0 0 0 0 
Eps 0  0.5 1 1.375 1.625 1.78125 1.875 1.92969 1.96094 1.97852 1.98828 1.99365 1.99658 1.99817 1.99902 1.99948 1.99973 1.99986 1.99992 1.99996 1.99998 1.99999 
Eps 1  2 2.66667 4 6.4 10.6667 18.2857 32 56.8889 102.4 186.182 341.333 630.154 1170.29 2184.53 4096 7710.12 14563.6 27594.1 52428.8 99864.4 -0.500003 
Eps 2  2.5 2.125 2.04167 2.01562 2.00625 2.0026 2.00112 2.00049 2.00022 2.0001 2.00004 2.00002 2.00001 2 2 2 2 2 2 1.99998 
Eps 3  3.10862e-15 -8 -32 -96 -256 -640 -1536 -3584 -8192 -18432 -40960 -90112 -196608 -425984 -917504 -1.96608e+06 -4.1943e+06 -8.9129e+06 52428.7 
Eps 4  2 2 2 2 2 2 2 2 2 2 2 2 2 2 2 2 2 2 
Eps 5  1.5012e+15 -2.2518e+15 -1.5012e+15 6.43371e+14 -6.43371e+14 1.5012e+15 -4.5036e+15 4.5036e+15 2.2518e+15 -7.506e+14 7.506e+14 -2.2518e+15 inf -2.2518e+15 inf 2.2518e+15 -4.1943e+06 
Eps 6  2 2 2 2 2 2 2 2 2 2 2 2 2 2 2 2 
Eps 7  -1.5012e+15 -2.14457e+15 5.14697e+15 -5.14697e+15 inf -3584 2.2518e+15 4.5036e+15 -5.2542e+15 5.2542e+15 inf inf -4.5036e+15 inf inf 
Eps 8  2 2 2 2 2 2 2 2 2 2 -nan(ind) 2 2 -nan(ind) 
Eps 9  2.35903e+15 inf -9.65057e+15 inf 1.5012e+15 -8192 inf -9.7578e+15 9.7578e+15 -nan(ind) -nan(ind) -6.7554e+15 -nan(ind) 
Eps 10  2 2 2 2 2 2 2 2 -nan(ind) -nan(ind) -nan(ind) -nan(ind) 
Eps 11  inf -1.41542e+16 inf inf 4.5036e+15 inf -1.42614e+16 -nan(ind) -nan(ind) -nan(ind) -nan(ind) 
Eps 12  2 2 -nan(ind) 2 2 2 -nan(ind) -nan(ind) -nan(ind) -nan(ind) 
Eps 13  -1.86578e+16 -nan(ind) -nan(ind) 9.0072e+15 inf -nan(ind) -nan(ind) -nan(ind) -nan(ind) 
Eps 14  -nan(ind) -nan(ind) -nan(ind) 2 -nan(ind) -nan(ind) -nan(ind) -nan(ind) 
Eps 15  -nan(ind) -nan(ind) -nan(ind) -nan(ind) -nan(ind) -nan(ind) -nan(ind) 
Eps 16  -nan(ind) -nan(ind) -nan(ind) -nan(ind) -nan(ind) -nan(ind) 
Eps 17  -nan(ind) -nan(ind) -nan(ind) -nan(ind) -nan(ind) 
Eps 18  -nan(ind) -nan(ind) -nan(ind) -nan(ind) 
Eps 19  -nan(ind) -nan(ind) -nan(ind) 
Eps 20  -nan(ind) -nan(ind) 
Eps 21  -nan(ind) 
-nan(ind) Error after Wynn 4 = nan


_______________________________________________________________________
s = 1 0.5 0.833333 0.583333 0.783333 0.616667 0.759524 0.634524 0.745635 0.645635 0.736544 0.653211 0.730134 0.658705 0.725372 0.662872 0.721695 0.66614 0.718771 0.668771 0.71639 Summ = 0.693147
Error before Wynn = 0.0335329

1 0.5 0.833333 0.583333 0.783333 0.616667 0.759524 0.634524 0.745635 0.645635 0.736544 0.653211 0.730134 0.658705 0.725372 0.662872 0.721695 0.66614 0.718771 0.668771 0.71639 
-2 3 -4 5 -6 7 -8 9 -10 11 -12 13 -14 15 -16 17 -18 19 -20 21 
0.7 0.690476 0.694444 0.692424 0.69359 0.692857 0.693347 0.693003 0.693254 0.693066 0.693211 0.693097 0.693188 0.693114 0.693175 0.693124 0.693167 0.69313 0.693162 
-102 248 -490 852 -1358 2032 -2898 3980 -5302 6888 -8762 10948 -13470 16352 -19618 23292 -27398 31960 
0.693333 0.693089 0.693169 0.693137 0.693152 0.693144 0.693149 0.693146 0.693148 0.693147 0.693147 0.693147 0.693147 0.693147 0.693147 0.693147 0.693147 
-3852 12015 -30258 65877 -129048 233307 -396030 638913 -988452 1.47642e+06 -2.14036e+06 3.02405e+06 -4.17797e+06 5.65983e+06 -7.535e+06 9.87702e+06 
0.693152 0.693146 0.693148 0.693147 0.693147 0.693147 0.693147 0.693147 0.693147 0.693147 0.693147 0.693147 0.693147 0.693147 0.693147 
-136980 492264 -1.45155e+06 3.70275e+06 -8.45572e+06 1.7696e+07 -3.45101e+07 6.3492e+07 -1.11238e+08 1.86943e+08 -3.03099e+08 4.76316e+08 -7.28264e+08 1.08675e+09 
0.693147 0.693147 0.693147 0.693147 0.693147 0.693147 0.693147 0.693147 0.693147 0.693147 0.693147 0.693147 0.693147 
-4.77459e+06 1.8769e+07 -6.17165e+07 1.768e+08 -4.53948e+08 1.06629e+09 -2.32662e+09 4.77118e+09 -9.27972e+09 1.72426e+10 -3.07871e+10 5.30791e+10 
0.693147 0.693147 0.693147 0.693147 0.693147 0.693147 0.693147 0.693147 0.693147 0.693147 0.693147 
-1.64907e+08 6.8951e+08 -2.45436e+09 7.67835e+09 -2.16126e+10 5.57098e+10 -1.33313e+11 2.99345e+11 -6.36163e+11 1.28856e+12 
0.693147 0.693147 0.693147 0.693147 0.693147 0.693147 0.693147 0.693147 0.693147 
-5.66734e+09 2.47869e+10 -9.37004e+10 3.14051e+11 -9.51582e+11 2.64669e+12 -6.84356e+12 1.6586e+13 
0.693147 0.693147 0.693147 0.693147 0.693147 0.693147 0.693147 
-1.94185e+11 8.78894e+11 -3.48165e+12 1.23334e+13 -3.98401e+13 1.18256e+14 
0.693147 0.693147 0.693147 0.693147 0.693147 
-6.63337e+12 3.07663e+13 -1.26239e+14 4.6056e+14 
0.693147 0.693147 0.693147 
-2.26582e+14 1.1605e+15 
0.693147 
0.693147 Error after Wynn 1 = 2.74784e-09

1 0.5 0.833333 0.583333 0.783333 0.616667 0.759524 0.634524 0.745635 0.645635 0.736544 0.653211 0.730134 0.658705 0.725372 0.662872 0.721695 0.66614 0.718771 0.668771 0.71639 
-2 
3 0.7 
-4 0.690476 -102 
5 0.694444 248 0.693333 
-6 0.692424 -490 0.693089 -3852 
7 0.69359 852 0.693169 12015 0.693152 
-8 0.692857 -1358 0.693137 -30258 0.693146 -136980 
9 0.693347 2032 0.693152 65877 0.693148 492264 0.693147 
-10 0.693003 -2898 0.693144 -129048 0.693147 -1.45155e+06 0.693147 -4.77459e+06 
11 0.693254 3980 0.693149 233307 0.693147 3.70275e+06 0.693147 1.8769e+07 0.693147 
-12 0.693066 -5302 0.693146 -396030 0.693147 -8.45572e+06 0.693147 -6.17165e+07 0.693147 -1.64907e+08 
13 0.693211 6888 0.693148 638913 0.693147 1.7696e+07 0.693147 1.768e+08 0.693147 6.8951e+08 0.693147 
-14 0.693097 -8762 0.693147 -988452 0.693147 -3.45101e+07 0.693147 -4.53948e+08 0.693147 -2.45436e+09 0.693147 -5.66734e+09 
15 0.693188 10948 0.693147 1.47642e+06 0.693147 6.3492e+07 0.693147 1.06629e+09 0.693147 7.67835e+09 0.693147 2.47869e+10 0.693147 
-16 0.693114 -13470 0.693147 -2.14036e+06 0.693147 -1.11238e+08 0.693147 -2.32662e+09 0.693147 -2.16126e+10 0.693147 -9.37004e+10 0.693147 -1.94185e+11 
17 0.693175 16352 0.693147 3.02405e+06 0.693147 1.86943e+08 0.693147 4.77118e+09 0.693147 5.57098e+10 0.693147 3.14051e+11 0.693147 8.78894e+11 0.693147 
-18 0.693124 -19618 0.693147 -4.17797e+06 0.693147 -3.03099e+08 0.693147 -9.27972e+09 0.693147 -1.33313e+11 0.693147 -9.51582e+11 0.693147 -3.48165e+12 0.693147 -6.63337e+12 
19 0.693167 23292 0.693147 5.65983e+06 0.693147 4.76316e+08 0.693147 1.72426e+10 0.693147 2.99345e+11 0.693147 2.64669e+12 0.693147 1.23334e+13 0.693147 3.07663e+13 0.693147 
-20 0.69313 -27398 0.693147 -7.535e+06 0.693147 -7.28264e+08 0.693147 -3.07871e+10 0.693147 -6.36163e+11 0.693147 -6.84356e+12 0.693147 -3.98401e+13 0.693147 -1.26239e+14 0.693147 -2.26582e+14 
21 0.693162 31960 0.693147 9.87702e+06 0.693147 1.08675e+09 0.693147 5.30791e+10 0.693147 1.28856e+12 0.693147 1.6586e+13 0.693147 1.18256e+14 0.693147 4.6056e+14 0.693147 1.1605e+15 0.693147 
0.693147 Error after Wynn 2 = 2.74784e-09

0.5 0.833333 0.583333 0.783333 0.616667 0.759524 0.634524 0.745635 0.645635 0.736544 0.653211 0.730134 0.658705 0.725372 0.662872 0.721695 0.66614 0.718771 0.668771 0.71639 
0.5 0.833333 0.583333 0.783333 0.616667 0.759524 0.634524 0.745635 0.645635 0.736544 0.653211 0.730134 0.658705 0.725372 0.662872 0.721695 0.66614 0.718771 0.668771 
-2.5 4.83333 -4.41667 6.78333 -6.38333 8.75952 -8.36548 10.7456 -10.3544 12.7365 -12.3468 14.7301 -14.3413 16.7254 -16.3371 18.7217 -18.3339 20.7188 
0.363636 0.941441 0.494048 0.859283 0.550629 0.817918 0.582198 0.793028 0.602328 0.776411 0.616279 0.764532 0.626516 0.755618 0.634348 0.748682 0.640533 
-4.23069 7.0685 -7.15463 10.0232 -10.1246 13.0018 -13.1086 15.9895 -16.0987 18.9814 -19.092 21.9757 -22.0872 24.9715 -25.0835 27.9682 
0.275134 1.01175 0.435833 0.908916 0.507388 0.856217 0.547832 0.824192 0.573822 0.802676 0.591929 0.787227 0.605266 0.775596 0.615499 
-5.58825 8.80486 -9.26842 12.5137 -12.9913 16.2445 -16.7271 19.9835 -20.4683 23.7264 -24.2124 27.4714 -27.9581 31.2177 
0.205657 1.06708 0.389924 0.948124 0.473184 0.886546 0.520592 0.848913 0.551195 0.823536 0.57258 0.805268 0.588367 
-6.74912 10.2816 -11.0599 14.6192 -15.4105 18.9771 -19.7729 23.3424 -24.1402 27.7112 -28.51 32.0818 
0.146939 1.11394 0.350982 0.981424 0.444104 0.912352 0.497398 0.869973 0.531909 0.841323 0.556077 
-7.78325 11.5923 -12.6461 16.4803 -17.5461 21.387 -22.4569 26.3004 -27.3721 31.2169 
0.095328 1.15519 0.316649 1.01081 0.418419 0.93516 0.476888 0.888605 0.514841 
-8.72676 12.7849 -14.0867 18.1684 -19.4813 23.5691 -24.8858 28.9759 
0.0488415 1.19241 0.285646 1.03737 0.39519 0.955798 0.458322 
-9.60122 13.8877 -15.4169 19.7256 -21.2651 25.5793 
0.00626827 1.22653 0.25719 1.06177 0.373843 
-10.4207 14.9193 -16.6598 21.1792 
-0.033195 1.2582 0.230762 
-11.1951 15.8926 
-0.0701121 
1 -11.9315 1.28785 -17.8312 1.08444 -22.9292 0.974773 -27.1221 0.905477 -30.2941 0.857069 -32.2895 0.820661 -32.8813 0.791488 -31.7049 0.766523 -28.0806 0.743132 -20.3312 0.71639 
0.71639 Error after Wynn 3 = 0.0335329

Eps -1 0 0 0 0 0 0 0 0 0 0 0 0 0 0 0 0 0 0 0 0 
Eps 0  1 0.5 0.833333 0.583333 0.783333 0.616667 0.759524 0.634524 0.745635 0.645635 0.736544 0.653211 0.730134 0.658705 0.725372 0.662872 0.721695 0.66614 0.718771 0.668771 0.71639 
Eps 1  -2 3 -4 5 -6 7 -8 9 -10 11 -12 13 -14 15 -16 17 -18 19 -20 21 -1.39589 
Eps 2  0.7 0.690476 0.694444 0.692424 0.69359 0.692857 0.693347 0.693003 0.693254 0.693066 0.693211 0.693097 0.693188 0.693114 0.693175 0.693124 0.693167 0.69313 0.693162 0.671739 
Eps 3  -102 248 -490 852 -1358 2032 -2898 3980 -5302 6888 -8762 10948 -13470 16352 -19618 23292 -27398 31960 -25.6804 
Eps 4  0.693333 0.693089 0.693169 0.693137 0.693152 0.693144 0.693149 0.693146 0.693148 0.693147 0.693147 0.693147 0.693147 0.693147 0.693147 0.693147 0.693147 0.69313 
Eps 5  -3852 12015 -30258 65877 -129048 233307 -396030 638913 -988452 1.47642e+06 -2.14036e+06 3.02405e+06 -4.17797e+06 5.65983e+06 -7.535e+06 9.87702e+06 -27417.6 
Eps 6  0.693152 0.693146 0.693148 0.693147 0.693147 0.693147 0.693147 0.693147 0.693147 0.693147 0.693147 0.693147 0.693147 0.693147 0.693147 0.693147 
Eps 7  -136980 492264 -1.45155e+06 3.70275e+06 -8.45572e+06 1.7696e+07 -3.45101e+07 6.3492e+07 -1.11238e+08 1.86943e+08 -3.03099e+08 4.76316e+08 -7.28264e+08 1.08675e+09 -7.53506e+06 
Eps 8  0.693147 0.693147 0.693147 0.693147 0.693147 0.693147 0.693147 0.693147 0.693147 0.693147 0.693147 0.693147 0.693147 0.693147 
Eps 9  -4.77459e+06 1.8769e+07 -6.17165e+07 1.768e+08 -4.53948e+08 1.06629e+09 -2.32662e+09 4.77118e+09 -9.27972e+09 1.72426e+10 -3.07871e+10 5.30791e+10 -7.28264e+08 
Eps 10  0.693147 0.693147 0.693147 0.693147 0.693147 0.693147 0.693147 0.693147 0.693147 0.693147 0.693147 0.693147 
Eps 11  -1.64907e+08 6.8951e+08 -2.45436e+09 7.67835e+09 -2.16126e+10 5.57098e+10 -1.33313e+11 2.99345e+11 -6.36163e+11 1.28856e+12 -3.07868e+10 
Eps 12  0.693147 0.693147 0.693147 0.693147 0.693147 0.693147 0.693147 0.693147 0.693147 0.693147 
Eps 13  -5.66734e+09 2.47869e+10 -9.37004e+10 3.14051e+11 -9.51582e+11 2.64669e+12 -6.84356e+12 1.6586e+13 -6.36053e+11 
Eps 14  0.693147 0.693147 0.693147 0.693147 0.693147 0.693147 0.693147 0.693147 
Eps 15  -1.94185e+11 8.78894e+11 -3.48165e+12 1.23334e+13 -3.98401e+13 1.18256e+14 -6.87023e+12 
Eps 16  0.693147 0.693147 0.693147 0.693147 0.693147 0.693147 
Eps 17  -6.63337e+12 3.07663e+13 -1.26239e+14 4.6056e+14 -3.97646e+13 
Eps 18  0.693147 0.693147 0.693147 0.693147 
Eps 19  -2.26582e+14 1.1605e+15 -1.3992e+14 
Eps 20  0.693147 0.693147 
Eps 21  -3.40696e+14 
0.693147 Error after Wynn 4 = 2.74784e-09

